popularity = [6830;7110;7650;67300;78200;136000;26600;13800;16500;5320;59200;16700;41794;11600;25100;17900;3940;9010;8930;89300;32300;22300;19700;73900;22700;3070;346;67500;15600;28600;6550;23000;43000;16000;17900;5270;3540;52100;185000;9700;12900;16000;6010;531000;18000]
